267 110 132
267 110 133
266 111 134
259 153 134
266 111 135
258 153 135
266 111 136
255 153 136
258 153 136
265 112 137
256 153 137
257 153 137
265 112 138
257 153 138
253 160 138
265 113 139
256 153 139
253 160 139
260 111 140
264 114 140
255 154 140
253 160 140
283 326 140
260 112 141
263 115 141
255 154 141
253 160 141
258 304 141
283 326 141
254 384 141
260 112 142
263 115 142
254 154 142
253 160 142
258 305 142
282 326 142
254 383 142
259 113 143
263 115 143
254 154 143
252 160 143
259 306 143
281 326 143
253 383 143
259 114 144
263 116 144
254 155 144
252 160 144
259 306 144
281 326 144
253 382 144
259 115 145
262 116 145
253 155 145
252 160 145
259 307 145
280 326 145
253 382 145
259 115 146
261 117 146
250 154 146
252 155 146
252 160 146
259 307 146
265 313 146
279 326 146
252 382 146
259 116 147
259 117 147
259 118 147
260 118 147
251 155 147
251 159 147
259 308 147
264 313 147
279 326 147
253 381 147
259 118 148
252 155 148
251 159 148
260 308 148
264 313 148
278 325 148
252 381 148
258 118 149
251 155 149
251 159 149
259 309 149
264 313 149
277 325 149
252 380 149
259 119 150
251 155 150
250 159 150
260 309 150
264 313 150
277 325 150
251 379 150
258 119 151
251 155 151
250 159 151
260 310 151
264 313 151
276 325 151
251 378 151
257 120 152
250 155 152
249 159 152
259 310 152
264 313 152
275 325 152
251 378 152
256 120 153
249 155 153
249 159 153
259 310 153
263 313 153
274 326 153
251 377 153
255 120 154
249 156 154
249 159 154
260 311 154
263 313 154
273 325 154
241 350 154
250 376 154
255 121 155
248 156 155
249 158 155
260 311 155
263 313 155
273 324 155
241 350 155
249 375 155
250 375 155
255 121 156
248 157 156
261 312 156
262 313 156
272 324 156
240 349 156
249 374 156
254 122 157
247 157 157
261 312 157
271 324 157
240 349 157
249 373 157
254 122 158
247 157 158
261 313 158
270 323 158
240 349 158
249 373 158
253 123 159
246 157 159
261 313 159
270 323 159
231 342 159
239 348 159
249 372 159
253 123 160
246 158 160
234 178 160
261 313 160
269 322 160
232 343 160
239 348 160
249 371 160
252 124 161
245 158 161
234 177 161
261 314 161
269 322 161
232 343 161
239 348 161
248 370 161
260 372 161
252 124 162
245 158 162
234 177 162
261 314 162
268 322 162
233 344 162
232 348 162
238 348 162
248 369 162
259 371 162
252 125 163
244 158 163
234 177 163
261 314 163
267 321 163
233 344 163
232 347 163
238 347 163
248 368 163
258 370 163
251 126 164
236 156 164
243 158 164
235 176 164
261 314 164
266 321 164
234 344 164
232 347 164
238 347 164
248 367 164
248 368 164
257 369 164
251 126 165
237 156 165
243 158 165
234 176 165
260 314 165
265 320 165
266 321 165
234 344 165
233 346 165
238 347 165
247 366 165
247 367 165
256 368 165
251 127 166
243 153 166
237 156 166
243 158 166
235 175 166
260 314 166
265 320 166
234 345 166
237 346 166
247 366 166
255 368 166
250 127 167
243 153 167
237 157 167
243 158 167
235 175 167
260 314 167
265 320 167
235 345 167
237 346 167
247 365 167
254 367 167
249 128 168
242 153 168
237 157 168
243 158 168
235 174 168
259 314 168
265 319 168
236 345 168
247 364 168
253 366 168
248 129 169
242 153 169
237 157 169
243 158 169
235 174 169
259 314 169
265 319 169
237 345 169
246 364 169
252 365 169
247 129 170
242 153 170
242 157 170
244 157 170
237 158 170
235 173 170
259 314 170
264 318 170
237 345 170
246 363 170
251 364 170
247 130 171
242 151 171
242 152 171
245 157 171
238 158 171
241 158 171
235 172 171
259 314 171
263 318 171
237 345 171
246 362 171
250 363 171
197 67 172
246 130 172
241 153 172
239 158 172
240 158 172
235 172 172
259 314 172
263 318 172
237 345 172
246 361 172
249 362 172
198 401 172
197 68 173
231 123 173
246 131 173
240 153 173
239 158 173
235 171 173
258 315 173
262 318 173
237 344 173
246 359 173
247 361 173
248 361 173
198 399 173
198 400 173
198 69 174
231 124 174
245 131 174
241 152 174
239 153 174
239 158 174
235 170 174
259 315 174
261 317 174
237 344 174
246 360 174
198 398 174
198 70 175
231 125 175
245 132 175
240 151 175
238 153 175
238 158 175
235 170 175
259 315 175
261 317 175
237 344 175
245 359 175
246 359 175
199 397 175
199 71 176
199 72 176
231 126 176
244 132 176
240 152 176
239 153 176
240 153 176
238 158 176
235 169 176
259 315 176
260 316 176
237 344 176
245 358 176
199 396 176
199 73 177
259 118 177
258 119 177
231 126 177
243 133 177
239 153 177
238 158 177
235 168 177
258 315 177
237 344 177
244 357 177
199 395 177
200 395 177
200 74 178
250 114 178
257 120 178
231 127 178
231 128 178
243 133 178
239 153 178
238 155 178
238 156 178
237 158 178
234 168 178
258 315 178
237 344 178
244 356 178
200 394 178
201 75 179
201 76 179
250 115 179
250 116 179
256 120 179
255 121 179
232 129 179
242 134 179
238 154 179
237 157 179
235 167 179
258 315 179
237 343 179
238 343 179
244 355 179
200 393 179
201 77 180
249 117 180
254 121 180
232 130 180
242 134 180
239 153 180
236 158 180
235 166 180
258 315 180
238 343 180
243 354 180
200 393 180
201 78 181
214 83 181
249 118 181
249 119 181
253 122 181
232 131 181
241 135 181
240 151 181
240 152 181
235 158 181
235 165 181
258 315 181
238 342 181
243 353 181
201 391 181
201 392 181
201 79 182
214 84 182
248 120 182
252 123 182
233 132 182
241 135 182
239 153 182
235 158 182
235 165 182
262 308 182
258 315 182
238 342 182
243 352 182
201 390 182
201 80 183
213 85 183
248 121 183
250 124 183
251 124 183
233 133 183
241 135 183
240 152 183
235 158 183
235 164 183
262 308 183
257 315 183
238 343 183
242 351 183
201 390 183
202 81 184
202 82 184
213 85 184
248 122 184
247 123 184
247 124 184
249 124 184
233 133 184
240 136 184
239 153 184
235 158 184
235 164 184
261 309 184
257 315 184
239 342 184
242 350 184
201 389 184
202 83 185
213 86 185
247 124 185
248 124 185
233 134 185
239 137 185
234 159 185
234 161 185
234 162 185
235 163 185
260 310 185
256 315 185
238 342 185
242 349 185
201 388 185
203 84 186
213 87 186
246 125 186
247 126 186
233 134 186
239 137 186
234 160 186
259 309 186
256 315 186
238 342 186
242 349 186
201 387 186
203 85 187
212 88 187
245 127 187
246 127 187
233 135 187
239 137 187
234 160 187
259 310 187
256 315 187
284 324 187
239 342 187
242 348 187
202 386 187
203 86 188
203 87 188
212 89 188
244 128 188
233 136 188
239 138 188
234 160 188
259 310 188
255 315 188
284 323 188
239 341 188
242 347 188
202 385 188
204 88 189
211 90 189
243 129 189
233 136 189
238 138 189
234 159 189
258 310 189
255 315 189
283 322 189
181 325 189
239 341 189
241 346 189
203 384 189
204 89 190
205 90 190
211 91 190
242 130 190
242 131 190
233 137 190
238 138 190
234 159 190
257 310 190
255 315 190
282 322 190
182 326 190
239 341 190
241 345 190
203 383 190
205 91 191
211 92 191
241 132 191
234 138 191
237 138 191
233 159 191
257 311 191
255 314 191
280 321 191
281 321 191
183 327 191
240 342 191
241 343 191
241 344 191
203 382 191
151 70 192
205 92 192
211 93 192
240 133 192
240 134 192
236 138 192
234 139 192
233 159 192
257 311 192
255 314 192
279 320 192
184 328 192
240 341 192
204 381 192
201 385 192
201 387 192
200 388 192
152 71 193
205 93 193
211 94 193
211 95 193
239 135 193
238 136 193
237 137 193
236 138 193
237 138 193
234 139 193
236 139 193
232 159 193
256 312 193
255 313 193
256 313 193
279 320 193
185 329 193
240 341 193
204 381 193
203 382 193
204 382 193
203 383 193
202 384 193
201 386 193
152 72 194
206 94 194
206 95 194
211 96 194
235 139 194
232 159 194
255 313 194
278 319 194
186 329 194
240 340 194
204 380 194
200 387 194
200 388 194
153 73 195
153 74 195
206 96 195
210 97 195
234 140 195
231 159 195
254 313 195
277 318 195
187 330 195
188 330 195
240 340 195
205 376 195
205 378 195
204 379 195
154 75 196
207 97 196
210 98 196
234 141 196
232 159 196
189 178 196
254 313 196
276 318 196
189 331 196
240 339 196
205 377 196
155 76 197
208 98 197
209 99 197
233 142 197
231 159 197
189 179 197
240 296 197
268 308 197
253 313 197
274 317 197
275 317 197
190 331 197
240 338 197
206 374 197
206 376 197
155 77 198
209 100 198
232 143 198
232 158 198
189 179 198
241 297 198
268 308 198
253 313 198
272 316 198
273 316 198
191 332 198
239 337 198
206 375 198
156 78 199
157 79 199
209 101 199
231 143 199
232 158 199
189 179 199
241 297 199
266 308 199
267 308 199
252 313 199
269 313 199
270 315 199
271 315 199
192 332 199
240 336 199
206 374 199
157 80 200
209 102 200
232 144 200
231 158 200
189 179 200
241 298 200
265 308 200
252 313 200
269 314 200
193 332 200
239 336 200
206 373 200
157 81 201
158 82 201
209 103 201
208 104 201
231 144 201
231 158 201
189 179 201
241 298 201
264 309 201
253 311 201
253 312 201
266 313 201
267 313 201
268 314 201
193 332 201
239 335 201
208 370 201
207 371 201
207 372 201
159 83 202
209 105 202
231 145 202
231 146 202
231 157 202
189 179 202
241 299 202
264 309 202
252 313 202
265 313 202
194 331 202
239 334 202
208 366 202
208 369 202
159 84 203
160 85 203
209 106 203
230 147 203
231 155 203
231 156 203
189 179 203
241 299 203
263 310 203
262 311 203
263 312 203
264 312 203
251 313 203
195 331 203
239 333 203
208 367 203
208 368 203
161 86 204
162 87 204
209 107 204
210 108 204
230 147 204
230 157 204
188 179 204
242 300 204
260 311 204
261 311 204
251 313 204
196 331 204
239 333 204
208 367 204
162 88 205
210 109 205
229 148 205
229 155 205
230 156 205
189 179 205
242 301 205
258 311 205
259 311 205
251 313 205
197 331 205
239 332 205
260 348 205
209 366 205
163 89 206
210 110 206
270 145 206
229 149 206
229 157 206
188 179 206
242 302 206
257 311 206
251 313 206
197 331 206
239 332 206
258 346 206
259 347 206
209 365 206
164 90 207
165 91 207
165 92 207
210 111 207
210 112 207
269 145 207
228 149 207
229 156 207
188 179 207
242 302 207
255 311 207
256 311 207
254 312 207
250 313 207
252 313 207
253 313 207
198 331 207
238 331 207
257 346 207
211 361 207
210 363 207
210 364 207
166 93 208
210 113 208
268 145 208
228 150 208
228 156 208
188 180 208
243 303 208
249 313 208
199 331 208
238 331 208
256 345 208
210 362 208
215 368 208
215 369 208
165 92 209
166 94 209
210 114 209
266 146 209
267 146 209
227 151 209
228 152 209
228 155 209
188 179 209
243 304 209
249 313 209
200 330 209
238 330 209
254 344 209
255 344 209
254 348 209
254 349 209
255 350 209
255 351 209
256 352 209
212 359 209
211 361 209
215 366 209
215 367 209
167 95 210
153 104 210
154 105 210
210 115 210
265 146 210
153 150 210
154 151 210
227 153 210
227 154 210
188 179 210
243 305 210
249 313 210
238 329 210
201 330 210
252 342 210
252 343 210
253 343 210
254 343 210
252 344 210
252 345 210
253 346 210
253 347 210
211 360 210
212 360 210
214 364 210
214 365 210
167 96 211
168 97 211
155 106 211
156 106 211
210 116 211
211 117 211
265 147 211
155 152 211
156 152 211
157 153 211
226 153 211
188 179 211
243 306 211
248 313 211
237 329 211
202 330 211
250 339 211
250 340 211
251 341 211
212 359 211
214 362 211
214 363 211
246 94 212
246 95 212
169 98 212
157 107 212
211 118 212
265 147 212
158 153 212
226 154 212
188 179 212
243 307 212
247 314 212
238 328 212
203 330 212
248 337 212
249 338 212
212 358 212
213 360 212
214 361 212
245 96 213
170 99 213
171 100 213
158 108 213
211 119 213
264 147 213
159 154 213
160 154 213
161 154 213
225 154 213
188 179 213
243 308 213
247 313 213
237 327 213
203 329 213
246 334 213
246 335 213
247 336 213
213 353 213
212 355 213
212 356 213
212 357 213
245 97 214
245 98 214
171 101 214
159 109 214
160 109 214
211 120 214
263 148 214
225 154 214
162 155 214
188 179 214
186 186 214
243 308 214
246 313 214
206 321 214
237 327 214
203 329 214
244 332 214
245 333 214
212 354 214
244 99 215
244 100 215
171 102 215
172 103 215
161 110 215
162 111 215
211 121 215
212 122 215
269 145 215
267 146 215
268 146 215
265 147 215
266 147 215
262 148 215
264 148 215
261 149 215
225 154 215
163 156 215
164 156 215
188 180 215
186 185 215
243 309 215
243 311 215
244 312 215
245 313 215
206 322 215
238 326 215
204 329 215
243 329 215
243 331 215
213 351 215
213 353 215
176 373 215
244 101 216
243 102 216
173 104 216
161 109 216
163 112 216
212 123 216
260 149 216
259 150 216
225 154 216
165 157 216
187 179 216
186 185 216
243 310 216
244 314 216
207 323 216
238 326 216
205 329 216
242 330 216
213 352 216
176 374 216
242 103 217
174 105 217
174 106 217
164 113 217
165 113 217
166 114 217
211 124 217
256 150 217
257 150 217
258 150 217
224 155 217
166 157 217
170 157 217
187 179 217
186 184 217
243 314 217
207 324 217
238 326 217
239 327 217
240 328 217
205 329 217
241 329 217
213 348 217
213 350 217
213 351 217
178 372 217
179 372 217
178 373 217
177 374 217
250 103 218
251 103 218
241 104 218
249 104 218
241 105 218
175 107 218
167 115 218
211 125 218
255 151 218
224 155 218
167 158 218
170 158 218
187 179 218
186 184 218
243 313 218
207 325 218
238 325 218
206 328 218
213 349 218
179 371 218
248 104 219
247 105 219
241 106 219
245 106 219
246 106 219
240 107 219
175 108 219
240 108 219
176 109 219
168 115 219
169 116 219
170 117 219
212 126 219
253 151 219
254 151 219
252 152 219
223 156 219
168 158 219
170 159 219
187 180 219
186 183 219
234 189 219
224 195 219
242 314 219
237 324 219
207 326 219
207 327 219
213 346 219
213 348 219
180 370 219
243 107 220
244 107 220
240 108 220
241 108 220
242 108 220
239 109 220
176 110 220
177 111 220
171 118 220
212 127 220
251 152 220
222 156 220
169 159 220
187 181 220
186 183 220
232 190 220
233 190 220
224 194 220
241 314 220
236 323 220
208 328 220
214 345 220
213 347 220
180 369 220
238 110 221
177 112 221
172 119 221
173 119 221
212 128 221
212 129 221
250 152 221
248 153 221
249 153 221
222 156 221
170 160 221
187 180 221
187 182 221
230 190 221
231 190 221
224 194 221
241 314 221
236 322 221
208 328 221
215 344 221
216 344 221
182 367 221
181 368 221
237 111 222
237 112 222
178 113 222
178 114 222
174 120 222
212 130 222
247 153 222
221 156 222
170 161 222
188 179 222
229 190 222
224 193 222
241 314 222
235 321 222
209 328 222
215 341 222
215 343 222
217 345 222
218 346 222
184 363 222
184 365 222
183 366 222
236 113 223
235 114 223
178 115 223
179 116 223
175 121 223
213 131 223
245 154 223
246 154 223
221 156 223
171 162 223
188 179 223
228 190 223
224 193 223
240 314 223
235 321 223
209 328 223
215 342 223
184 364 223
234 115 224
179 117 224
176 122 224
213 132 224
243 154 224
244 154 224
221 156 224
171 162 224
187 179 224
227 190 224
224 192 224
239 314 224
235 321 224
210 328 224
215 340 224
215 341 224
184 364 224
233 116 225
232 117 225
180 118 225
231 118 225
181 119 225
177 123 225
178 124 225
213 133 225
240 155 225
241 155 225
242 155 225
220 157 225
172 163 225
187 179 225
226 190 225
224 191 225
238 314 225
235 320 225
210 328 225
215 339 225
185 363 225
230 119 226
182 120 226
179 125 226
213 134 226
239 155 226
238 156 226
220 157 226
172 163 226
187 179 226
225 190 226
237 314 226
235 319 226
210 328 226
215 338 226
185 362 226
229 120 227
182 121 227
228 121 227
180 126 227
181 126 227
213 135 227
236 156 227
237 156 227
219 157 227
172 164 227
187 179 227
224 190 227
236 315 227
236 316 227
235 317 227
235 318 227
211 328 227
215 338 227
187 360 227
188 360 227
186 361 227
182 122 228
227 122 228
183 123 228
183 124 228
182 125 228
183 125 228
212 136 228
235 156 228
219 157 228
173 164 228
187 179 228
223 190 228
235 315 228
211 328 228
216 336 228
215 337 228
189 357 228
188 359 228
189 359 228
226 122 229
183 125 229
184 126 229
212 137 229
213 138 229
234 156 229
219 157 229
228 157 229
229 157 229
230 157 229
231 157 229
232 157 229
233 157 229
219 158 229
174 165 229
187 179 229
223 189 229
235 315 229
211 328 229
217 333 229
216 335 229
189 358 229
231 108 230
230 109 230
230 110 230
229 111 230
229 112 230
229 113 230
226 118 230
225 121 230
225 123 230
223 125 230
223 126 230
185 127 230
212 139 230
219 158 230
220 158 230
226 158 230
227 158 230
175 166 230
187 179 230
223 189 230
235 315 230
211 328 230
216 334 230
189 357 230
228 114 231
228 115 231
227 116 231
227 117 231
226 119 231
226 120 231
224 123 231
223 124 231
222 127 231
185 128 231
222 128 231
186 129 231
221 129 231
220 130 231
219 132 231
213 140 231
218 157 231
221 158 231
222 158 231
223 158 231
224 158 231
225 158 231
176 167 231
187 178 231
222 189 231
234 315 231
212 328 231
216 334 231
192 353 231
190 356 231
187 130 232
220 131 232
219 133 232
215 138 232
214 139 232
213 141 232
218 158 232
177 168 232
187 178 232
221 189 232
234 315 232
212 328 232
216 333 232
192 354 232
191 355 232
187 131 233
218 134 233
217 135 233
217 136 233
216 137 233
213 142 233
217 158 233
177 169 233
187 178 233
221 188 233
233 311 233
233 312 233
233 313 233
233 315 233
213 327 233
216 332 233
192 353 233
188 132 234
188 133 234
213 143 234
213 144 234
217 158 234
177 169 234
187 177 234
221 188 234
233 314 234
214 328 234
216 331 234
193 352 234
192 96 235
189 134 235
213 145 235
213 146 235
216 159 235
178 170 235
187 177 235
220 187 235
233 314 235
214 328 235
215 330 235
194 350 235
193 351 235
192 97 236
192 98 236
192 99 236
193 100 236
190 135 236
213 147 236
213 148 236
216 159 236
178 170 236
173 172 236
171 173 236
187 177 236
220 187 236
233 314 236
215 329 236
194 349 236
193 101 237
193 102 237
194 103 237
191 136 237
213 149 237
215 159 237
176 171 237
177 171 237
179 171 237
180 171 237
174 172 237
175 172 237
172 173 237
187 177 237
219 187 237
232 314 237
303 316 237
215 329 237
191 347 237
192 347 237
194 348 237
195 348 237
212 391 237
212 392 237
212 393 237
212 394 237
194 104 238
194 105 238
191 137 238
213 150 238
215 159 238
181 172 238
187 177 238
219 187 238
219 202 238
219 203 238
232 314 238
302 316 238
215 328 238
193 347 238
196 347 238
206 388 238
206 389 238
211 389 238
206 390 238
211 390 238
194 106 239
194 107 239
195 108 239
195 109 239
192 138 239
212 151 239
214 159 239
182 172 239
187 177 239
219 187 239
220 201 239
231 314 239
301 315 239
215 328 239
199 344 239
200 344 239
197 345 239
198 345 239
196 346 239
207 387 239
211 387 239
211 388 239
195 110 240
195 111 240
205 127 240
204 128 240
203 129 240
203 130 240
197 131 240
198 131 240
199 131 240
200 131 240
201 131 240
202 131 240
193 139 240
212 152 240
214 160 240
183 173 240
188 177 240
219 186 240
220 199 240
220 200 240
231 314 240
300 315 240
216 327 240
200 343 240
201 343 240
208 385 240
210 385 240
208 386 240
210 386 240
195 112 241
196 113 241
196 114 241
195 131 241
196 132 241
197 133 241
198 134 241
194 140 241
194 141 241
211 153 241
213 159 241
184 173 241
188 177 241
219 186 241
220 197 241
220 198 241
230 313 241
298 314 241
299 314 241
217 323 241
216 325 241
216 326 241
201 342 241
202 342 241
210 380 241
210 382 241
209 383 241
209 384 241
196 115 242
196 116 242
194 131 242
198 135 242
73 136 242
195 142 242
211 154 242
212 159 242
185 173 242
189 176 242
218 186 242
220 195 242
220 196 242
230 313 242
297 313 242
216 324 242
202 341 242
210 374 242
210 377 242
210 378 242
210 379 242
210 381 242
197 117 243
197 118 243
197 119 243
197 120 243
197 121 243
198 122 243
194 131 243
199 135 243
74 136 243
196 143 243
197 144 243
211 155 243
211 156 243
211 159 243
186 173 243
187 174 243
189 176 243
218 185 243
219 194 243
229 313 243
296 313 243
216 325 243
203 340 243
210 371 243
210 372 243
210 373 243
210 375 243
210 376 243
211 382 243
198 123 244
198 124 244
194 128 244
195 131 244
200 136 244
75 137 244
197 145 244
210 157 244
211 158 244
188 174 244
189 175 244
217 185 244
219 192 244
219 193 244
296 312 244
229 313 244
216 325 244
204 339 244
210 370 244
212 383 244
198 125 245
199 126 245
199 127 245
194 128 245
195 130 245
200 135 245
76 137 245
198 146 245
211 159 245
189 175 245
217 183 245
217 185 245
217 187 245
217 188 245
217 189 245
218 190 245
218 191 245
294 311 245
295 312 245
229 313 245
217 324 245
206 337 245
205 338 245
210 366 245
210 367 245
210 368 245
210 369 245
212 383 245
200 128 246
195 129 246
200 135 246
201 136 246
201 137 246
77 138 246
78 138 246
199 146 246
210 160 246
189 175 246
216 184 246
216 186 246
293 311 246
229 313 246
217 324 246
259 334 246
206 336 246
210 363 246
210 364 246
210 365 246
212 382 246
201 127 247
201 129 247
201 130 247
201 131 247
201 132 247
201 133 247
201 134 247
79 138 247
201 138 247
80 139 247
81 139 247
201 139 247
201 140 247
200 147 247
201 147 247
210 160 247
190 175 247
216 183 247
292 310 247
228 312 247
217 323 247
256 332 247
257 333 247
258 333 247
208 334 247
207 335 247
211 356 247
211 358 247
211 359 247
211 360 247
211 361 247
211 362 247
202 124 248
202 125 248
202 126 248
82 140 248
202 141 248
202 142 248
202 143 248
202 144 248
201 147 248
201 148 248
201 149 248
210 161 248
191 175 248
215 183 248
291 310 248
228 312 248
217 322 248
254 330 248
255 331 248
209 333 248
212 353 248
212 355 248
211 357 248
203 119 249
203 120 249
203 122 249
203 123 249
83 140 249
84 140 249
202 145 249
202 146 249
202 150 249
210 162 249
108 163 249
109 163 249
191 175 249
215 182 249
290 309 249
227 312 249
229 313 249
230 313 249
231 313 249
232 313 249
233 313 249
234 314 249
235 314 249
236 314 249
218 321 249
252 328 249
253 329 249
210 332 249
212 345 249
212 346 249
212 347 249
212 348 249
212 349 249
212 350 249
212 351 249
212 352 249
212 354 249
203 121 250
85 141 250
202 151 250
210 162 250
110 163 250
111 163 250
192 175 250
214 181 250
263 289 250
289 309 250
226 311 250
237 315 250
238 316 250
219 321 250
249 325 250
250 326 250
251 327 250
211 331 250
213 343 250
213 344 250
86 141 251
92 150 251
202 152 251
203 153 251
112 163 251
209 163 251
192 175 251
214 180 251
263 289 251
288 308 251
226 311 251
239 316 251
240 317 251
241 317 251
242 318 251
218 320 251
246 322 251
247 323 251
248 324 251
213 327 251
213 328 251
212 329 251
212 330 251
212 332 251
212 333 251
213 334 251
213 335 251
212 339 251
213 340 251
213 341 251
213 342 251
213 343 251
87 141 252
92 149 252
203 154 252
203 155 252
113 163 252
114 163 252
208 163 252
193 176 252
214 179 252
263 289 252
287 308 252
225 311 252
218 319 252
243 319 252
245 321 252
213 326 252
213 336 252
213 337 252
213 338 252
214 344 252
215 345 252
88 142 253
89 142 253
90 142 253
91 149 253
203 156 253
115 162 253
116 162 253
117 162 253
207 164 253
194 176 253
213 177 253
213 179 253
262 289 253
286 307 253
225 309 253
225 310 253
217 320 253
244 320 253
246 322 253
214 325 253
216 346 253
216 347 253
217 348 253
219 352 253
113 113 254
91 143 254
92 149 254
204 157 254
118 162 254
207 164 254
194 177 254
213 178 254
262 290 254
285 306 254
224 311 254
217 319 254
216 321 254
216 322 254
215 323 254
246 323 254
215 324 254
218 349 254
219 351 254
220 353 254
221 354 254
222 356 254
223 357 254
114 114 255
115 115 255
92 143 255
93 143 255
94 144 255
92 149 255
204 158 255
204 159 255
119 162 255
120 162 255
121 162 255
207 164 255
212 176 255
195 177 255
213 177 255
261 290 255
282 305 255
283 305 255
286 305 255
287 305 255
288 305 255
289 305 255
290 305 255
291 305 255
292 305 255
293 305 255
294 305 255
284 306 255
224 311 255
218 317 255
217 318 255
247 324 255
218 350 255
221 355 255
116 115 256
95 144 256
91 149 256
86 150 256
87 150 256
204 160 256
204 161 256
122 162 256
207 165 256
211 173 256
212 175 256
195 177 256
261 291 256
281 305 256
223 311 256
219 316 256
247 325 256
219 350 256
221 356 256
117 116 257
118 117 257
119 117 257
96 145 257
97 145 257
88 150 257
89 150 257
90 150 257
92 150 257
123 162 257
124 162 257
205 162 257
205 163 257
205 164 257
207 165 257
212 174 257
195 178 257
260 291 257
280 304 257
222 311 257
219 315 257
248 326 257
249 327 257
219 350 257
221 355 257
120 118 258
98 145 258
99 145 258
100 145 258
93 150 258
125 162 258
206 165 258
211 173 258
196 178 258
260 292 258
278 304 258
279 304 258
222 311 258
219 315 258
249 328 258
221 356 258
121 119 259
122 120 259
101 146 259
93 150 259
264 160 259
265 160 259
126 162 259
127 162 259
206 166 259
211 173 259
197 178 259
259 292 259
276 302 259
277 303 259
221 312 259
220 313 259
220 314 259
249 329 259
123 121 260
124 122 260
102 147 260
94 150 260
95 150 260
96 151 260
267 153 260
268 153 260
262 160 260
263 160 260
128 162 260
206 166 260
210 173 260
197 178 260
259 292 260
275 303 260
222 311 260
250 330 260
125 123 261
126 124 261
103 147 261
104 147 261
97 151 261
98 151 261
99 151 261
266 154 261
264 155 261
265 155 261
262 156 261
263 156 261
260 159 261
261 159 261
129 163 261
205 167 261
206 168 261
209 172 261
198 178 261
259 292 261
274 302 261
221 310 261
251 331 261
251 332 261
127 124 262
105 148 262
100 151 262
261 157 262
259 159 262
130 163 262
207 169 262
208 170 262
209 171 262
199 178 262
258 293 262
273 302 262
222 309 262
252 333 262
128 125 263
106 148 263
101 151 263
260 157 263
259 158 263
256 159 263
257 159 263
258 159 263
259 159 263
131 163 263
206 169 263
200 178 263
257 293 263
272 302 263
221 310 263
252 334 263
253 335 263
129 126 264
130 127 264
107 149 264
105 150 264
106 150 264
102 151 264
103 151 264
104 151 264
255 159 264
132 163 264
206 169 264
200 178 264
257 293 264
271 302 264
221 309 264
253 336 264
131 128 265
132 129 265
133 130 265
107 151 265
108 151 265
109 151 265
110 151 265
254 159 265
250 160 265
251 160 265
252 160 265
253 160 265
133 163 265
134 163 265
205 169 265
200 179 265
257 294 265
253 295 265
267 301 265
268 301 265
269 301 265
270 301 265
220 309 265
134 131 266
111 151 266
112 151 266
248 160 266
249 160 266
135 163 266
205 170 266
201 179 266
257 294 266
253 295 266
266 300 266
220 309 266
135 132 267
136 132 267
157 147 267
155 148 267
113 151 267
114 152 267
247 160 267
241 161 267
244 161 267
245 161 267
246 161 267
242 162 267
243 162 267
136 163 267
205 171 267
201 179 267
256 294 267
253 296 267
264 300 267
265 300 267
220 308 267
127 119 268
136 132 268
136 133 268
137 134 268
239 144 268
238 145 268
237 146 268
155 148 268
157 148 268
115 152 268
116 153 268
117 153 268
118 153 268
240 162 268
236 163 268
237 163 268
238 163 268
239 163 268
137 164 268
204 171 268
201 179 268
254 295 268
255 295 268
255 296 268
263 299 268
219 308 268
179 345 268
125 117 269
126 118 269
127 120 269
128 121 269
129 122 269
130 123 269
130 124 269
131 125 269
132 126 269
133 127 269
133 128 269
134 129 269
135 130 269
135 131 269
138 134 269
139 135 269
139 136 269
140 137 269
237 147 269
235 148 269
236 148 269
156 149 269
119 153 269
120 153 269
233 163 269
234 163 269
235 163 269
140 164 269
231 164 269
138 165 269
139 165 269
204 172 269
202 179 269
255 296 269
260 298 269
261 299 269
262 299 269
220 301 269
220 303 269
220 306 269
220 307 269
180 344 269
141 138 270
233 148 270
234 148 270
155 150 270
232 150 270
231 152 270
121 154 270
122 154 270
123 154 270
232 163 270
141 164 270
229 164 270
230 164 270
226 165 270
227 165 270
228 165 270
205 173 270
203 177 270
202 178 270
254 296 270
255 296 270
258 298 270
259 298 270
219 302 270
220 304 270
220 305 270
181 344 270
142 138 271
143 139 271
144 140 271
145 142 271
146 143 271
234 144 271
234 145 271
234 146 271
233 147 271
232 149 271
155 151 271
231 151 271
230 153 271
229 154 271
124 155 271
125 155 271
126 155 271
229 155 271
228 156 271
227 157 271
226 158 271
225 159 271
225 160 271
223 162 271
222 163 271
142 164 271
143 164 271
222 164 271
223 164 271
219 165 271
224 165 271
225 165 271
205 173 271
204 176 271
254 296 271
255 296 271
256 297 271
257 297 271
220 305 271
184 342 271
182 343 271
183 343 271
237 137 272
144 141 272
236 141 272
235 143 272
147 144 272
148 145 272
155 152 272
127 155 272
128 155 272
129 155 272
130 156 272
224 161 272
144 164 272
221 165 272
219 166 272
217 168 272
216 169 272
214 170 272
205 174 272
204 175 272
205 175 272
253 296 272
220 305 272
185 341 272
242 127 273
242 128 273
241 129 273
241 130 273
240 131 273
240 132 273
239 133 273
239 134 273
238 135 273
238 136 273
237 138 273
236 139 273
236 140 273
235 142 273
148 146 273
149 147 273
155 151 273
131 156 273
132 156 273
133 157 273
134 157 273
145 165 273
146 165 273
220 166 273
218 167 273
215 169 273
213 170 273
212 171 273
204 175 273
252 296 273
220 301 273
219 305 273
186 341 273
150 147 274
151 148 274
152 149 274
154 151 274
135 157 274
136 158 274
138 158 274
147 164 274
211 172 274
209 173 274
210 173 274
208 174 274
204 175 274
250 296 274
251 296 274
219 302 274
219 304 274
187 341 274
153 150 275
155 152 275
156 153 275
137 158 275
139 158 275
140 159 275
141 159 275
148 162 275
147 163 275
207 174 275
205 175 275
206 175 275
249 296 275
221 299 275
219 303 275
186 341 275
157 154 276
158 155 276
142 159 276
143 159 276
144 159 276
145 159 276
147 160 276
148 161 276
204 176 276
245 286 276
248 296 276
220 300 276
218 303 276
181 337 276
181 338 276
187 340 276
159 156 277
160 157 277
161 157 277
162 158 277
146 160 277
149 161 277
150 161 277
204 176 277
244 287 277
243 288 277
247 296 277
219 301 277
218 302 277
258 305 277
185 337 277
183 338 277
184 338 277
182 339 277
186 339 277
163 159 278
164 159 278
151 161 278
152 162 278
153 162 278
204 177 278
243 289 278
246 297 278
251 302 278
217 303 278
253 303 278
254 303 278
255 304 278
256 305 278
257 306 278
184 338 278
186 338 278
165 160 279
154 162 279
155 163 279
157 164 279
160 165 279
203 178 279
242 290 279
245 297 279
246 297 279
246 298 279
247 299 279
247 300 279
248 301 279
249 301 279
217 302 279
250 302 279
252 303 279
187 337 279
166 161 280
166 162 280
156 163 280
158 164 280
159 164 280
161 165 280
203 178 280
241 291 280
241 292 280
244 297 280
217 301 280
187 337 280
166 163 281
165 164 281
167 164 281
168 164 281
162 165 281
163 165 281
164 165 281
203 178 281
240 293 281
241 295 281
242 297 281
243 297 281
216 301 281
189 335 281
188 336 281
169 165 282
170 166 282
203 179 282
239 294 282
239 295 282
240 296 282
241 297 282
216 300 282
187 333 282
188 334 282
169 121 283
171 166 283
172 167 283
173 168 283
174 168 283
202 179 283
215 296 283
240 296 283
216 298 283
216 299 283
189 334 283
169 122 284
169 123 284
174 137 284
178 159 284
178 160 284
178 161 284
179 163 284
179 164 284
180 165 284
179 166 284
179 167 284
179 168 284
175 169 284
176 169 284
177 169 284
178 169 284
179 170 284
202 180 284
216 297 284
239 297 284
216 299 284
190 333 284
185 359 284
169 124 285
174 136 285
179 139 285
179 140 285
178 141 285
177 147 285
177 149 285
177 150 285
177 151 285
178 152 285
178 153 285
178 154 285
178 155 285
178 156 285
178 157 285
178 158 285
178 162 285
180 171 285
181 172 285
181 173 285
182 174 285
202 180 285
237 297 285
238 297 285
215 299 285
191 333 285
191 340 285
188 351 285
188 352 285
187 353 285
187 354 285
187 355 285
186 356 285
186 357 285
185 358 285
170 125 286
170 126 286
170 127 286
171 128 286
171 129 286
172 130 286
172 131 286
172 132 286
173 133 286
174 136 286
179 136 286
174 137 286
179 138 286
179 139 286
178 140 286
178 141 286
177 142 286
177 143 286
178 144 286
178 145 286
178 146 286
177 148 286
183 175 286
184 176 286
185 177 286
203 181 286
236 297 286
215 299 286
191 332 286
192 332 286
192 334 286
192 335 286
192 339 286
192 341 286
191 344 286
191 345 286
189 350 286
162 107 287
163 108 287
163 109 287
163 110 287
164 111 287
164 112 287
165 113 287
165 114 287
166 115 287
166 116 287
167 117 287
167 118 287
167 119 287
168 120 287
168 121 287
168 122 287
169 123 287
169 124 287
181 131 287
180 133 287
173 134 287
173 135 287
180 135 287
179 137 287
175 138 287
175 139 287
176 140 287
177 141 287
186 178 287
187 179 287
202 182 287
235 296 287
215 297 287
214 298 287
192 331 287
193 336 287
193 337 287
193 338 287
192 342 287
192 343 287
191 346 287
191 347 287
191 348 287
190 349 287
192 349 287
181 130 288
181 132 288
181 134 288
182 134 288
187 180 288
202 182 288
228 199 288
228 295 288
216 296 288
223 296 288
224 296 288
225 296 288
226 296 288
227 296 288
234 296 288
193 330 288
193 350 288
193 351 288
183 118 289
183 119 289
183 120 289
183 121 289
183 122 289
182 123 289
182 124 289
182 125 289
182 126 289
182 127 289
182 128 289
182 129 289
183 134 289
188 181 289
195 181 289
189 182 289
190 182 289
202 182 289
232 195 289
228 197 289
228 198 289
216 295 289
217 295 289
218 295 289
220 295 289
229 295 289
230 295 289
231 295 289
219 296 289
221 296 289
222 296 289
232 296 289
233 296 289
193 329 289
194 329 289
194 352 289
195 352 289
195 353 289
196 354 289
196 355 289
197 356 289
197 357 289
184 133 290
183 135 290
194 182 290
191 183 290
194 183 290
202 183 290
230 194 290
227 195 290
231 195 290
227 196 290
215 294 290
233 296 290
194 328 290
195 352 290
197 358 290
198 359 290
192 183 291
193 183 291
194 183 291
202 183 291
228 193 291
229 193 291
227 194 291
215 294 291
234 296 291
235 296 291
195 326 291
194 327 291
195 353 291
198 360 291
201 183 292
195 184 292
226 190 292
226 191 292
227 192 292
215 293 292
236 296 292
195 325 292
196 354 292
211 179 293
207 181 293
205 182 293
206 182 293
204 183 293
196 184 293
202 184 293
203 184 293
224 188 293
225 189 293
214 291 293
214 294 293
237 296 293
196 323 293
196 324 293
197 349 293
197 350 293
197 351 293
197 352 293
197 353 293
213 178 294
212 179 294
210 180 294
208 181 294
209 181 294
197 185 294
201 185 294
224 187 294
214 292 294
213 293 294
238 296 294
197 322 294
197 353 294
215 176 295
214 177 295
215 177 295
222 183 295
222 184 295
199 185 295
200 185 295
223 185 295
198 186 295
200 186 295
223 186 295
212 293 295
239 296 295
198 317 295
197 322 295
198 354 295
197 355 295
215 175 296
216 178 296
217 179 296
219 180 296
220 181 296
221 182 296
200 186 296
213 292 296
239 297 296
198 318 296
197 321 296
197 356 296
219 172 297
220 172 297
218 173 297
216 174 297
217 174 297
218 180 297
222 182 297
200 187 297
212 291 297
240 297 297
198 319 297
198 320 297
198 355 297
223 166 298
220 171 298
223 182 298
201 187 298
212 291 298
241 296 298
199 318 298
198 319 298
199 319 298
198 355 298
223 167 299
222 168 299
222 169 299
221 170 299
224 182 299
201 188 299
212 289 299
212 290 299
241 294 299
242 296 299
243 297 299
244 298 299
199 318 299
198 355 299
226 165 300
225 166 300
224 167 300
225 182 300
226 182 300
227 182 300
228 182 300
201 188 300
213 281 300
212 288 300
241 295 300
245 299 300
246 299 300
199 317 300
200 317 300
229 161 301
228 162 301
227 163 301
227 164 301
229 182 301
230 182 301
202 188 301
212 282 301
211 288 301
242 294 301
247 300 301
248 301 301
248 302 301
200 316 301
232 159 302
231 160 302
230 161 302
231 182 302
201 189 302
211 283 302
211 287 302
243 294 302
248 299 302
249 303 302
200 315 302
233 158 303
234 158 303
235 158 303
236 158 303
237 158 303
232 159 303
238 181 303
239 181 303
240 181 303
241 181 303
233 182 303
234 182 303
235 182 303
236 182 303
237 182 303
232 183 303
233 183 303
202 189 303
211 284 303
210 287 303
243 293 303
244 293 303
249 299 303
250 299 303
249 304 303
201 311 303
201 312 303
201 313 303
201 314 303
234 156 304
244 156 304
233 157 304
238 157 304
239 157 304
244 180 304
245 180 304
246 180 304
247 180 304
248 180 304
242 181 304
243 181 304
232 183 304
202 190 304
210 285 304
209 287 304
244 293 304
251 299 304
250 305 304
202 310 304
235 150 305
235 151 305
235 152 305
234 153 305
250 153 305
234 154 305
248 154 305
249 154 305
234 155 305
241 155 305
242 155 305
243 155 305
245 155 305
246 155 305
247 155 305
240 156 305
233 183 305
202 190 305
209 286 305
245 293 305
252 299 305
253 299 305
254 300 305
251 306 305
251 307 305
252 308 305
202 309 305
236 147 306
236 149 306
251 153 306
233 184 306
202 191 306
209 285 306
245 292 306
255 300 306
202 309 306
252 309 306
240 141 307
239 142 307
238 144 307
237 145 307
237 146 307
236 148 307
202 192 307
210 273 307
210 274 307
208 286 307
208 287 307
208 288 307
207 291 307
207 292 307
245 292 307
206 293 307
206 294 307
205 295 307
204 297 307
204 299 307
204 300 307
256 300 307
257 300 307
204 301 307
258 301 307
204 302 307
204 303 307
204 304 307
202 308 307
253 310 307
253 311 307
254 312 307
243 133 308
243 134 308
242 135 308
242 136 308
241 137 308
241 138 308
240 139 308
240 140 308
238 143 308
202 192 308
210 275 308
208 283 308
208 284 308
208 285 308
207 289 308
207 290 308
246 291 308
204 296 308
204 298 308
259 301 308
203 305 308
203 306 308
202 307 308
203 307 308
255 313 308
255 314 308
202 192 309
209 276 309
208 280 309
208 281 309
208 282 309
247 291 309
260 301 309
265 302 309
266 302 309
267 303 309
268 303 309
269 303 309
270 303 309
271 304 309
272 304 309
202 307 309
256 315 309
256 316 309
257 317 309
258 318 309
202 193 310
209 277 310
207 279 310
248 290 310
261 301 310
263 302 310
264 302 310
202 307 310
258 319 310
259 320 310
202 193 311
209 267 311
209 268 311
208 275 311
208 276 311
208 277 311
207 278 311
249 290 311
262 302 311
264 302 311
202 308 311
202 309 311
202 193 312
209 269 312
209 270 312
208 273 312
207 274 312
249 289 312
265 303 312
202 310 312
202 193 313
209 261 313
209 262 313
207 271 313
208 271 313
207 272 313
266 303 313
202 311 313
202 312 313
202 193 314
209 263 314
207 271 314
267 304 314
202 313 314
202 314 314
202 194 315
208 264 315
207 268 315
206 270 315
268 304 315
201 315 315
203 195 316
208 265 316
208 266 316
206 269 316
269 305 316
201 315 316
202 195 317
208 263 317
208 264 317
207 265 317
208 265 317
206 266 317
207 266 317
206 267 317
206 268 317
269 305 317
200 316 317
202 195 318
205 266 318
206 266 318
205 267 318
206 267 318
270 305 318
200 317 318
199 318 318
200 318 318
199 319 318
202 195 319
207 259 319
207 261 319
207 262 319
206 264 319
205 265 319
271 305 319
272 305 319
200 317 319
199 320 319
198 321 319
202 196 320
207 260 320
206 263 320
273 305 320
200 317 320
197 322 320
145 362 320
202 196 321
207 255 321
207 257 321
205 262 321
273 305 321
201 317 321
197 323 321
196 324 321
147 361 321
146 362 321
202 197 322
206 256 322
207 258 322
205 260 322
205 261 322
274 306 322
202 317 322
196 325 322
148 361 322
149 361 322
202 197 323
206 258 323
205 259 323
275 306 323
276 306 323
203 318 323
196 326 323
194 327 323
195 327 323
192 328 323
193 328 323
195 328 323
150 360 323
151 360 323
202 197 324
206 255 324
204 259 324
277 306 324
203 318 324
191 329 324
196 329 324
196 330 324
196 331 324
196 332 324
152 360 324
139 159 325
202 198 325
207 249 325
205 256 325
204 259 325
278 306 325
203 319 325
190 330 325
196 333 325
196 334 325
196 335 325
154 359 325
155 359 325
153 360 325
140 159 326
203 199 326
207 250 326
207 251 326
204 257 326
204 258 326
279 307 326
203 319 326
189 331 326
196 336 326
197 337 326
156 358 326
140 159 327
203 199 327
207 247 327
205 250 327
206 252 327
204 257 327
280 307 327
204 320 327
188 332 327
187 333 327
186 334 327
197 338 327
198 339 327
167 350 327
168 350 327
166 351 327
165 352 327
163 353 327
164 353 327
162 354 327
161 355 327
159 356 327
160 356 327
158 357 327
157 358 327
134 152 328
135 152 328
136 152 328
142 157 328
141 158 328
202 199 328
207 248 328
205 251 328
205 252 328
203 256 328
281 307 328
205 320 328
185 334 328
184 335 328
198 340 328
199 341 328
199 342 328
172 345 328
172 346 328
171 347 328
171 348 328
169 349 328
170 349 328
170 350 328
137 153 329
143 156 329
202 200 329
207 249 329
204 253 329
204 254 329
203 255 329
282 308 329
204 321 329
183 335 329
182 336 329
181 337 329
176 341 329
175 342 329
174 343 329
200 343 329
173 344 329
200 344 329
170 350 329
170 351 329
170 352 329
170 353 329
170 354 329
170 355 329
170 356 329
147 129 330
148 130 330
138 153 330
139 153 330
140 153 330
141 153 330
142 154 330
143 155 330
202 200 330
206 249 330
203 254 330
283 308 330
205 321 330
180 337 330
176 340 330
200 345 330
201 346 330
169 357 330
169 358 330
169 359 330
169 360 330
169 361 330
149 131 331
149 132 331
150 133 331
150 134 331
151 135 331
144 154 331
145 154 331
202 201 331
206 245 331
206 246 331
205 250 331
203 253 331
203 254 331
283 308 331
205 321 331
178 337 331
179 337 331
178 338 331
177 339 331
201 347 331
202 348 331
203 348 331
204 348 331
206 349 331
152 136 332
152 137 332
146 154 332
201 199 332
202 201 332
206 247 332
204 250 332
203 253 332
284 308 332
206 321 332
178 337 332
201 349 332
205 349 332
201 350 332
207 350 332
209 351 332
153 138 333
154 139 333
154 140 333
155 141 333
156 142 333
147 155 333
148 155 333
149 155 333
201 200 333
205 248 333
204 250 333
203 251 333
204 251 333
202 252 333
284 308 333
206 321 333
176 337 333
177 337 333
201 351 333
208 351 333
201 352 333
210 352 333
211 352 333
202 353 333
213 353 333
214 354 333
156 143 334
157 144 334
157 145 334
158 146 334
158 147 334
159 148 334
150 156 334
202 201 334
204 249 334
285 308 334
206 321 334
175 338 334
212 352 334
202 354 334
203 355 334
205 360 334
205 361 334
159 149 335
160 150 335
160 151 335
151 156 335
152 156 335
201 201 335
203 249 335
206 321 335
174 338 335
213 353 335
203 356 335
204 357 335
204 359 335
161 152 336
153 156 336
202 202 336
202 203 336
203 248 336
207 321 336
173 338 336
203 358 336
162 153 337
162 154 337
163 155 337
153 156 337
154 156 337
163 156 337
155 157 337
156 157 337
157 157 337
160 157 337
161 157 337
162 157 337
163 157 337
159 158 337
197 179 337
202 203 337
202 204 337
202 205 337
203 247 337
207 321 337
172 339 337
203 359 337
203 360 337
151 156 338
152 156 338
158 157 338
164 158 338
165 158 338
166 159 338
167 159 338
169 160 338
170 160 338
196 180 338
200 194 338
202 206 338
202 207 338
203 246 338
207 322 338
171 340 338
204 361 338
204 362 338
148 155 339
149 155 339
150 156 339
168 159 339
171 160 339
172 160 339
173 161 339
174 161 339
175 162 339
176 162 339
178 163 339
98 164 339
197 181 339
201 195 339
200 196 339
200 197 339
202 207 339
202 208 339
204 245 339
208 321 339
170 340 339
205 363 339
144 155 340
145 155 340
146 155 340
147 155 340
183 161 340
177 163 340
99 164 340
179 164 340
180 164 340
181 165 340
182 165 340
193 173 340
197 182 340
198 183 340
201 198 340
201 201 340
201 204 340
202 205 340
202 206 340
202 208 340
204 244 340
208 321 340
168 340 340
169 340 340
171 340 340
204 364 340
142 155 341
143 155 341
183 158 341
183 159 341
183 160 341
184 162 341
184 163 341
183 164 341
99 165 341
184 165 341
185 166 341
185 167 341
186 168 341
192 174 341
202 177 341
197 179 341
199 184 341
200 188 341
200 189 341
200 190 341
200 191 341
201 193 341
201 194 341
200 196 341
200 197 341
201 199 341
201 200 341
201 202 341
201 203 341
202 208 341
205 243 341
208 321 341
167 340 341
172 341 341
204 365 341
183 154 342
139 155 342
141 155 342
183 155 342
183 156 342
183 157 342
99 165 342
187 169 342
188 170 342
189 171 342
190 172 342
191 173 342
193 175 342
201 178 342
198 180 342
199 184 342
200 185 342
200 186 342
200 187 342
201 192 342
201 195 342
202 208 342
205 242 342
205 243 342
208 322 342
166 340 342
172 342 342
204 366 342
183 130 343
183 131 343
184 149 343
184 150 343
184 151 343
140 153 343
183 153 343
140 154 343
134 156 343
135 156 343
136 156 343
137 156 343
138 156 343
99 165 343
194 175 343
201 179 343
200 180 343
201 180 343
199 181 343
200 181 343
199 182 343
199 183 343
203 208 343
206 242 343
208 322 343
164 341 343
165 341 343
171 343 343
205 366 343
167 105 344
167 106 344
168 107 344
168 108 344
169 109 344
169 110 344
170 111 344
170 112 344
171 113 344
172 114 344
172 115 344
173 116 344
173 117 344
174 118 344
175 119 344
175 120 344
176 121 344
176 122 344
177 123 344
178 124 344
178 125 344
179 126 344
179 127 344
179 128 344
180 129 344
184 129 344
180 130 344
183 132 344
182 133 344
182 134 344
183 139 344
183 140 344
183 141 344
184 147 344
184 148 344
217 150 344
139 152 344
183 152 344
133 156 344
100 165 344
195 176 344
200 179 344
203 208 344
206 241 344
208 322 344
163 341 344
171 344 344
205 367 344
181 131 345
181 132 345
182 135 345
182 136 345
182 137 345
182 138 345
183 142 345
184 143 345
184 145 345
184 146 345
139 150 345
139 151 345
217 151 345
130 156 345
131 156 345
127 157 345
128 157 345
129 157 345
132 157 345
100 166 345
98 167 345
99 167 345
202 175 345
196 176 345
202 176 345
197 177 345
201 177 345
199 178 345
201 178 345
203 208 345
206 241 345
208 322 345
162 341 345
171 345 345
185 144 346
138 149 346
218 152 346
124 158 346
125 158 346
126 158 346
121 159 346
102 165 346
103 165 346
104 165 346
101 166 346
203 173 346
203 174 346
198 177 346
203 208 346
206 240 346
209 321 346
161 342 346
171 345 346
185 143 347
138 147 347
138 148 347
217 152 347
122 158 347
123 158 347
115 159 347
117 159 347
118 159 347
119 159 347
120 159 347
113 160 347
114 160 347
116 160 347
111 161 347
112 161 347
109 162 347
110 162 347
106 163 347
107 163 347
108 163 347
105 164 347
204 172 347
205 172 347
197 176 347
203 208 347
207 239 347
207 240 347
209 321 347
158 342 347
160 342 347
156 343 347
171 345 347
172 345 347
171 346 347
171 347 347
186 142 348
217 153 348
114 158 348
206 171 348
197 176 348
202 209 348
207 239 348
209 321 348
159 342 348
155 343 348
157 343 348
173 344 348
171 348 348
186 140 349
186 141 349
217 151 349
217 153 349
113 158 349
211 163 349
210 165 349
209 166 349
209 167 349
209 168 349
210 168 349
208 169 349
207 170 349
197 175 349
203 209 349
207 239 349
210 321 349
208 322 349
158 341 349
154 343 349
151 344 349
152 344 349
153 344 349
173 344 349
147 345 349
148 345 349
149 345 349
171 349 349
187 137 350
186 139 350
217 152 350
217 153 350
214 159 350
213 160 350
212 162 350
210 164 350
210 168 350
211 169 350
197 175 350
203 210 350
207 238 350
211 321 350
208 322 350
158 342 350
150 344 350
173 344 350
144 346 350
146 346 350
171 350 350
186 138 351
220 147 351
219 148 351
218 150 351
218 151 351
216 154 351
216 155 351
216 156 351
215 157 351
215 158 351
212 161 351
214 168 351
212 169 351
213 169 351
196 174 351
203 211 351
207 238 351
212 321 351
208 322 351
157 341 351
173 344 351
145 346 351
141 347 351
142 347 351
143 347 351
132 348 351
138 348 351
139 348 351
140 348 351
133 349 351
134 349 351
135 349 351
136 349 351
137 349 351
230 130 352
227 131 352
229 131 352
228 132 352
227 133 352
187 137 352
221 144 352
221 145 352
220 146 352
219 149 352
215 168 352
195 174 352
203 211 352
207 238 352
213 320 352
207 322 352
157 342 352
228 124 353
228 125 353
227 127 353
227 128 353
227 129 353
227 130 353
187 134 353
226 134 353
187 135 353
226 135 353
187 136 353
225 136 353
225 137 353
224 138 353
224 139 353
223 140 353
223 141 353
222 142 353
222 143 353
216 168 353
195 173 353
203 212 353
207 238 353
213 321 353
207 322 353
156 341 353
228 122 354
228 123 354
227 126 354
187 133 354
217 167 354
195 173 354
203 212 354
207 237 354
214 321 354
207 323 354
155 341 354
187 132 355
219 166 355
218 167 355
195 173 355
204 213 355
207 237 355
215 320 355
207 323 355
155 342 355
187 131 356
220 166 356
195 172 356
204 213 356
208 236 356
215 321 356
206 323 356
154 342 356
187 130 357
221 165 357
222 165 357
223 165 357
227 165 357
228 165 357
229 165 357
242 165 357
243 165 357
244 166 357
245 166 357
246 166 357
195 172 357
205 214 357
208 236 357
216 321 357
206 323 357
153 342 357
188 128 358
187 129 358
237 163 358
237 164 358
239 164 358
240 164 358
224 165 358
225 165 358
226 165 358
230 165 358
231 165 358
232 165 358
234 165 358
235 165 358
236 165 358
238 165 358
241 165 358
224 166 358
195 172 358
205 215 358
208 236 358
216 321 358
206 323 358
153 341 358
187 126 359
187 127 359
243 161 359
241 163 359
233 164 359
224 165 359
223 166 359
195 172 359
205 215 359
209 235 359
217 321 359
205 324 359
152 341 359
188 125 360
246 160 360
244 161 360
242 162 360
225 164 360
233 165 360
224 167 360
224 168 360
195 172 360
205 215 360
209 235 360
218 321 360
205 325 360
206 325 360
152 341 360
188 123 361
188 124 361
245 161 361
226 164 361
225 169 361
195 171 361
206 216 361
209 235 361
219 321 361
206 325 361
206 326 361
205 327 361
151 341 361
227 163 362
226 169 362
195 171 362
205 216 362
209 235 362
219 321 362
205 324 362
206 328 362
150 341 362
228 162 363
229 162 363
192 169 363
192 170 363
227 170 363
193 171 363
194 171 363
206 216 363
208 235 363
220 320 363
205 324 363
205 328 363
150 341 363
230 161 364
228 170 364
192 171 364
195 171 364
229 171 364
207 217 364
208 235 364
220 321 364
205 324 364
205 329 364
149 341 364
231 161 365
191 170 365
196 171 365
230 172 365
206 217 365
208 234 365
221 320 365
205 324 365
205 329 365
149 341 365
232 160 366
190 170 366
196 171 366
231 172 366
207 218 366
207 233 366
221 319 366
222 321 366
204 324 366
205 330 366
148 340 366
150 342 366
233 160 367
189 170 367
197 170 367
232 173 367
207 219 367
208 233 367
222 318 367
223 318 367
223 322 367
204 324 367
205 330 367
147 340 367
150 343 367
233 159 368
189 170 368
196 171 368
233 174 368
207 220 368
208 232 368
223 318 368
223 323 368
203 324 368
206 331 368
146 340 368
149 343 368
234 158 369
188 170 369
197 170 369
234 174 369
207 221 369
208 231 369
223 318 369
224 323 369
203 324 369
206 332 369
145 340 369
150 344 369
234 158 370
235 158 370
186 169 370
187 170 370
197 170 370
235 175 370
207 222 370
208 230 370
224 317 370
225 323 370
203 325 370
206 332 370
145 340 370
149 344 370
233 156 371
233 157 371
236 157 371
237 157 371
183 167 371
185 169 371
197 170 371
236 176 371
207 223 371
207 224 371
208 229 371
224 317 371
226 323 371
203 325 371
206 333 371
144 339 371
146 340 371
150 344 371
238 156 372
183 168 372
184 169 372
198 169 372
207 225 372
208 228 372
225 316 372
227 323 372
203 325 372
206 334 372
143 339 372
147 339 372
150 345 372
238 156 373
181 165 373
182 168 373
198 169 373
208 226 373
208 227 373
227 312 373
228 312 373
227 313 373
226 314 373
227 314 373
226 315 373
228 324 373
203 325 373
142 338 373
147 339 373
150 345 373
239 155 374
180 166 374
181 167 374
198 169 374
207 227 374
228 311 374
227 312 374
228 312 374
226 314 374
226 315 374
229 324 374
202 325 374
203 325 374
141 338 374
147 338 374
150 345 374
240 155 375
177 162 375
178 163 375
179 163 375
180 164 375
180 165 375
199 167 375
181 168 375
198 169 375
208 228 375
230 309 375
229 310 375
227 313 375
226 316 375
201 324 375
229 324 375
204 325 375
140 337 375
147 337 375
141 338 375
150 346 375
241 154 376
173 155 376
176 161 376
199 168 376
180 169 376
208 229 376
227 314 376
227 315 376
230 324 376
200 325 376
204 326 376
140 337 376
242 153 377
173 156 377
174 157 377
174 158 377
175 159 377
175 160 377
199 167 377
200 167 377
199 168 377
179 169 377
208 229 377
227 315 377
231 324 377
199 325 377
204 326 377
138 336 377
139 337 377
242 153 378
172 155 378
200 165 378
200 166 378
200 167 378
178 169 378
199 169 378
208 229 378
227 314 378
199 325 378
231 325 378
204 326 378
137 336 378
243 152 379
244 152 379
171 153 379
171 154 379
201 164 379
200 165 379
201 165 379
177 169 379
199 169 379
208 229 379
228 314 379
198 325 379
231 325 379
205 326 379
136 335 379
137 336 379
169 151 380
245 151 380
170 152 380
201 163 380
201 164 380
176 169 380
200 169 380
208 229 380
228 314 380
198 325 380
205 326 380
232 326 380
136 335 380
246 148 381
246 149 381
245 150 381
246 150 381
201 163 381
173 168 381
175 168 381
200 170 381
208 229 381
229 313 381
235 324 381
197 325 381
234 325 381
205 326 381
233 326 381
135 334 381
247 147 382
246 150 382
202 162 382
169 168 382
170 168 382
171 168 382
172 168 382
174 168 382
201 169 382
208 229 382
229 313 382
197 325 382
236 325 382
205 326 382
232 327 382
134 334 382
248 145 383
248 146 383
247 151 383
202 161 383
167 168 383
168 168 383
174 168 383
201 169 383
208 229 383
230 312 383
197 324 383
237 325 383
204 326 383
233 327 383
133 332 383
133 333 383
247 150 384
202 161 384
173 168 384
166 169 384
201 169 384
208 230 384
231 312 384
197 324 384
238 325 384
239 325 384
205 326 384
233 327 384
132 331 384
248 150 385
203 160 385
173 168 385
161 169 385
162 169 385
163 169 385
164 169 385
165 169 385
201 169 385
156 171 385
154 172 385
155 172 385
208 230 385
231 312 385
196 325 385
198 325 385
240 325 385
205 326 385
233 327 385
131 330 385
249 150 386
203 159 386
172 168 386
158 169 386
159 169 386
160 169 386
201 169 386
157 170 386
208 230 386
231 312 386
195 325 386
199 325 386
241 325 386
129 327 386
205 327 386
233 327 386
129 328 386
130 329 386
204 158 387
172 168 387
202 169 387
203 169 387
156 170 387
208 230 387
231 311 387
195 324 387
199 325 387
242 325 387
129 326 387
243 326 387
205 327 387
234 327 387
204 157 388
171 168 388
203 169 388
155 170 388
203 170 388
208 230 388
231 311 388
195 324 388
129 325 388
199 325 388
244 326 388
205 327 388
204 156 389
205 156 389
205 157 389
171 167 389
202 168 389
153 171 389
154 171 389
204 171 389
208 231 389
232 311 389
194 324 389
129 325 389
200 325 389
245 326 389
246 326 389
205 327 389
204 155 390
204 156 390
206 157 390
171 167 390
202 168 390
150 171 390
151 171 390
152 171 390
204 172 390
208 231 390
233 310 390
128 324 390
194 324 390
200 325 390
247 326 390
205 327 390
203 154 391
204 154 391
207 157 391
171 167 391
202 168 391
148 172 391
149 172 391
205 172 391
208 231 391
233 310 391
129 324 391
193 324 391
248 326 391
205 327 391
203 153 392
207 156 392
170 167 392
203 168 392
145 170 392
146 171 392
147 172 392
205 172 392
146 173 392
207 231 392
193 324 392
249 326 392
205 327 392
203 151 393
203 152 393
208 155 393
170 167 393
203 168 393
205 172 393
144 174 393
145 174 393
207 231 393
192 324 393
250 326 393
205 327 393
202 149 394
202 150 394
209 155 394
169 167 394
203 168 394
206 172 394
141 175 394
142 175 394
143 175 394
207 231 394
191 325 394
251 326 394
206 328 394
202 148 395
209 154 395
169 167 395
203 167 395
206 173 395
140 176 395
207 231 395
191 325 395
205 327 395
201 146 396
202 147 396
209 154 396
168 167 396
203 167 396
207 172 396
207 231 396
190 325 396
205 327 396
201 144 397
201 145 397
210 153 397
168 167 397
203 167 397
208 172 397
207 231 397
205 327 397
201 143 398
211 153 398
168 166 398
203 167 398
207 232 398
206 327 398
212 152 399
168 163 399
168 164 399
168 165 399
203 167 399
207 232 399
206 328 399
212 152 400
168 162 400
167 166 400
203 167 400
207 232 400
207 328 400
213 151 401
168 161 401
167 166 401
203 167 401
207 233 401
207 328 401
213 150 402
167 163 402
167 164 402
167 165 402
166 166 402
167 166 402
203 167 402
207 233 402
207 328 402
214 149 403
166 167 403
204 167 403
207 233 403
207 328 403
214 148 404
215 148 404
166 167 404
204 167 404
208 234 404
207 328 404
215 144 405
215 145 405
215 146 405
215 147 405
215 148 405
204 167 405
166 168 405
207 234 405
207 328 405
216 143 406
216 149 406
204 166 406
165 167 406
207 234 406
207 328 406
217 148 407
218 148 407
205 166 407
165 167 407
207 235 407
207 327 407
208 329 407
218 148 408
205 166 408
165 167 408
207 235 408
207 327 408
208 329 408
219 147 409
205 166 409
164 167 409
207 235 409
207 327 409
219 147 410
205 166 410
164 167 410
207 235 410
207 327 410
220 147 411
206 166 411
164 167 411
207 236 411
207 326 411
220 147 412
206 166 412
163 167 412
207 236 412
207 326 412
221 146 413
222 146 413
207 166 413
164 168 413
207 236 413
208 326 413
222 146 414
207 166 414
164 169 414
207 236 414
209 326 414
222 146 415
207 166 415
164 169 415
206 236 415
209 326 415
223 145 416
207 166 416
164 169 416
205 237 416
209 326 416
224 145 417
207 165 417
164 170 417
165 171 417
165 172 417
166 173 417
205 237 417
209 326 417
224 145 418
208 164 418
207 165 418
208 165 418
164 169 418
205 237 418
209 325 418
225 144 419
208 164 419
208 165 419
164 169 419
206 237 419
209 325 419
225 144 420
208 163 420
209 166 420
165 169 420
206 237 420
210 325 420
208 162 421
209 166 421
165 169 421
206 238 421
211 325 421
208 161 422
209 166 422
165 169 422
206 238 422
211 325 422
208 161 423
210 166 423
166 169 423
206 238 423
208 160 424
211 166 424
166 168 424
206 238 424
211 166 425
167 168 425
206 239 425
211 166 426
167 168 426
206 239 426
211 166 427
168 167 427
205 239 427
212 166 428
169 167 428
205 239 428
169 167 429
213 167 429
205 239 429
213 166 430
169 167 430
205 239 430
213 166 431
169 167 431
205 239 431
214 167 432
169 168 432
204 239 432
214 166 433
169 168 433
204 239 433
215 166 434
169 169 434
204 239 434
215 166 435
169 169 435
216 166 436
169 169 436
169 170 437
203 239 437
203 240 441
202 240 444
201 241 448
201 241 451
200 241 454
199 242 458
198 242 461
198 237 465
198 238 465
198 239 465
198 243 465
198 236 466
198 239 466
198 240 466
198 241 466
201 231 467
201 232 467
201 233 467
200 234 467
199 235 467
197 241 467
197 242 467
197 243 468
196 242 470
197 242 470
196 243 470
197 243 470
197 244 470
197 243 471
197 244 471
196 242 472
198 242 472
195 243 472
196 242 473
196 244 473
196 245 473
197 245 473
195 241 474
197 242 474
194 243 474
198 243 474
197 244 474
198 244 474
197 245 474
196 241 475
198 242 475
195 244 475
196 246 475
197 246 475
195 240 476
193 243 476
196 244 476
197 245 476
198 245 476
197 242 477
198 242 477
196 244 477
198 244 477
196 245 477
196 247 477
197 247 477
194 240 478
196 240 478
193 244 478
195 244 478
199 242 479
196 244 479
197 246 479
198 246 479
196 248 479
197 248 479
196 240 480
197 241 480
192 244 480
199 244 480
194 245 480
196 245 480
196 246 480
193 239 481
199 241 481
196 245 481
195 239 482
197 241 482
191 244 482
199 244 482
193 245 482
196 245 482
196 247 482
197 247 482
198 247 482
195 249 482
197 249 482
193 238 483
199 241 483
199 245 483
190 244 484
195 245 484
195 250 484
197 250 484
192 237 485
195 238 485
196 241 485
199 244 485
193 245 485
196 245 485
196 247 485
197 248 485
198 248 485
199 241 486
189 244 486
199 245 486
195 251 486
197 251 486
192 237 487
195 237 487
192 245 487
195 245 487
196 240 488
200 240 488
188 244 488
200 244 488
196 246 488
196 248 488
197 249 488
198 249 488
191 235 489
191 236 489
186 243 489
187 243 489
200 245 489
194 252 489
197 252 489
191 237 490
194 237 490
200 240 490
185 243 490
195 245 490
192 246 490
197 249 490
199 249 490
196 240 491
201 241 491
185 242 491
200 245 491
195 246 491
195 249 491
194 253 491
197 253 491
194 236 492
184 241 492
201 241 492
200 245 492
191 246 492
194 246 492
193 253 492
197 253 492
193 235 493
184 241 493
201 241 493
191 245 493
197 250 493
199 250 493
197 253 493
192 254 493
192 235 494
196 239 494
184 241 494
201 241 494
190 245 494
201 245 494
195 247 494
195 249 494
197 253 494
191 255 494
191 235 495
193 235 495
184 241 495
202 242 495
189 245 495
194 246 495
201 246 495
194 247 495
194 248 495
197 253 495
190 255 495
191 235 496
193 236 496
184 241 496
202 243 496
189 245 496
190 245 496
193 245 496
197 251 496
199 251 496
198 252 496
189 255 496
191 236 497
193 236 497
196 239 497
184 241 497
202 244 497
188 245 497
191 245 497
193 245 497
201 245 497
195 247 497
196 248 497
197 249 497
195 250 497
197 250 497
199 250 497
184 251 497
185 251 497
186 252 497
187 253 497
188 254 497
191 236 498
193 236 498
197 238 498
195 239 498
184 241 498
203 243 498
193 244 498
182 245 498
187 245 498
189 245 498
191 245 498
201 246 498
183 250 498
195 251 498
191 237 499
193 237 499
198 237 499
183 240 499
185 240 499
194 240 499
186 243 499
187 243 499
186 244 499
189 244 499
191 244 499
193 244 499
181 245 499
184 245 499
183 246 499
201 246 499
183 247 499
182 248 499
182 249 499
183 249 499
194 251 499
194 252 499
195 252 499
195 253 499
196 253 499
195 254 499
198 237 500
191 238 500
193 238 500
183 239 500
186 240 500
191 240 500
186 241 500
187 241 500
188 241 500
191 241 500
192 241 500
193 241 500
187 242 500
188 242 500
191 242 500
192 242 500
187 243 500
188 243 500
189 243 500
191 243 500
193 243 500
185 244 500
180 245 500
200 246 500
180 249 500
181 249 500
195 249 500
195 250 500
196 253 500
195 255 500
194 237 501
198 237 501
183 238 501
189 239 501
190 239 501
188 240 501
190 240 501
188 241 501
190 241 501
188 242 501
189 242 501
187 243 501
191 243 501
191 244 501
179 245 501
200 246 501
179 249 501
182 250 501
183 253 501
184 253 501
197 253 501
196 255 501
193 237 502
183 238 502
199 238 502
186 244 502
190 244 502
192 244 502
178 245 502
199 246 502
179 249 502
183 250 502
185 252 502
182 253 502
198 253 502
196 255 502
193 237 503
199 239 503
199 240 503
178 244 503
185 244 503
189 244 503
193 244 503
199 244 503
199 245 503
179 249 503
184 250 503
185 250 503
185 251 503
186 251 503
187 251 503
187 252 503
197 253 503
180 254 503
181 254 503
197 254 503
193 238 504
198 241 504
177 244 504
185 244 504
189 244 504
193 244 504
179 249 504
184 250 504
185 250 504
186 251 504
187 251 504
187 252 504
198 252 504
187 253 504
179 254 504
193 239 505
197 241 505
189 243 505
193 243 505
177 244 505
185 244 505
188 245 505
180 249 505
183 250 505
185 250 505
187 250 505
197 252 505
187 254 505
178 255 505
193 240 506
196 241 506
190 242 506
194 242 506
195 242 506
196 242 506
178 243 506
179 243 506
185 244 506
188 246 506
181 248 506
183 250 506
185 250 506
187 250 506
195 253 506
196 253 506
178 255 506
187 255 506
193 241 507
180 242 507
191 242 507
196 242 507
179 243 507
180 243 507
179 244 507
179 245 507
185 245 507
186 245 507
180 246 507
185 246 507
188 246 507
182 248 507
183 250 507
185 250 507
187 250 507
187 253 507
188 253 507
194 253 507
179 254 507
187 254 507
188 254 507
181 241 508
191 243 508
197 243 508
181 245 508
186 245 508
188 246 508
185 247 508
183 248 508
185 249 508
187 249 508
183 250 508
189 252 508
190 252 508
187 253 508
193 253 508
180 254 508
186 254 508
187 254 508
188 254 508
182 240 509
192 242 509
191 243 509
191 244 509
197 244 509
182 245 509
187 245 509
182 247 509
187 247 509
185 248 509
186 248 509
185 249 509
183 251 509
184 252 509
191 252 509
184 253 509
185 253 509
192 253 509
181 254 509
184 254 509
185 254 509
186 254 509
189 254 509
184 255 509
180 239 510
181 239 510
183 241 510
183 242 510
183 243 510
183 244 510
191 244 510
197 244 510
183 245 510
191 245 510
183 246 510
183 247 510
184 247 510
185 247 510
186 247 510
185 248 510
186 248 510
197 249 510
185 250 510
185 251 510
182 255 510
183 255 510
184 255 510
185 255 510
189 255 510
184 245 511
191 245 511
197 245 511
184 246 511
185 246 511
198 246 511
183 247 511
184 247 511
185 247 511
182 248 511
183 248 511
184 248 511
198 248 511
183 249 511
196 250 511
195 251 511
196 252 511
184 256 511
189 256 511
182 244 512
183 244 512
185 245 512
184 246 512
185 246 512
191 246 512
181 247 512
184 247 512
185 247 512
199 247 512
181 249 512
183 250 512
194 250 512
180 251 512
182 252 512
189 256 512
185 257 512
179 237 513
179 238 513
179 239 513
180 240 513
180 241 513
181 243 513
185 243 513
179 244 513
180 244 513
186 244 513
185 245 513
191 245 513
185 246 513
186 246 513
179 247 513
180 247 513
186 247 513
199 248 513
194 249 513
181 250 513
183 251 513
180 252 513
180 253 513
182 253 513
180 254 513
179 255 513
179 256 513
179 257 513
184 257 513
189 257 513
181 242 514
184 243 514
178 244 514
181 244 514
182 244 514
184 244 514
181 245 514
185 245 514
187 245 514
190 245 514
185 246 514
186 246 514
187 246 514
175 247 514
178 247 514
185 247 514
186 247 514
195 247 514
195 248 514
180 249 514
196 249 514
198 249 514
183 251 514
182 254 514
184 257 514
190 257 514
178 258 514
181 243 515
182 243 515
184 243 515
182 244 515
184 244 515
177 245 515
181 245 515
182 245 515
187 245 515
189 245 515
174 246 515
176 246 515
186 246 515
178 247 515
184 247 515
185 247 515
187 248 515
180 249 515
197 249 515
183 251 515
182 253 515
191 256 515
184 257 515
177 259 515
179 259 515
184 243 516
177 244 516
182 244 516
187 244 516
182 245 516
183 245 516
188 245 516
182 246 516
184 246 516
186 246 516
173 247 516
178 247 516
184 247 516
180 249 516
187 249 516
196 249 516
183 251 516
182 253 516
191 255 516
184 257 516
179 260 516
185 242 517
187 243 517
183 244 517
177 245 517
181 245 517
182 245 517
182 246 517
183 246 517
186 246 517
173 247 517
179 247 517
182 247 517
183 247 517
184 247 517
183 248 517
184 248 517
185 248 517
181 249 517
186 249 517
196 249 517
188 250 517
183 251 517
182 253 517
191 255 517
184 257 517
179 260 517
186 243 518
178 244 518
179 244 518
180 244 518
180 245 518
181 245 518
183 245 518
177 246 518
183 246 518
186 246 518
180 247 518
181 247 518
184 247 518
185 247 518
173 248 518
182 248 518
183 248 518
184 248 518
182 249 518
184 249 518
186 249 518
195 249 518
184 250 518
185 250 518
187 250 518
185 251 518
188 251 518
183 253 518
192 255 518
185 256 518
179 260 518
187 245 519
188 246 519
177 247 519
189 247 519
177 248 519
179 248 519
190 248 519
174 249 519
177 249 519
179 249 519
193 249 519
194 249 519
174 250 519
181 250 519
189 250 519
193 250 519
175 251 519
180 251 519
184 251 519
179 252 519
184 252 519
185 252 519
186 252 519
179 253 519
186 253 519
186 254 519
185 255 519
192 255 519
179 259 519
191 249 520
177 250 520
178 250 520
179 250 520
190 250 520
191 250 520
192 250 520
193 250 520
176 251 520
178 251 520
179 251 520
192 251 520
192 252 520
192 253 520
179 254 520
192 254 520
179 255 520
179 256 520
179 257 520
179 258 520
191 250 521
191 250 522
